Test Article: Pier foundation
Mech. Interface: Al plate/ stud
Accelerometers: <e.g. BK 8340 S/N51828> | 
Acc. Location: <description>
Axis Convention: Z(Ch.0) vertical
Mechanical units (m.u.): m/s^2
Test Conditions: Ambient and various
Test Location: Subaru telescope, Mauna Kea, Hawaii
Test Engineer(s): PWGB, HT, DMM, PS, Daigo
Time zone: Hawaii

mV/m.u.	1037.000

Accel. (rms) [m/s^2]	0.004394


Hanning
RMS averaging	Averages	3
Linear
Accel. [m/s^2]
2014-05-15 11:13:205.00000000E-1	1.09256347E-10
1.00000000E+0	4.99057250E-11
1.50000000E+0	3.35542926E-11
2.00000000E+0	1.91823265E-11
2.50000000E+0	6.37503067E-12
3.00000000E+0	8.27196938E-12
3.50000000E+0	1.09064952E-11
4.00000000E+0	2.92970290E-11
4.50000000E+0	5.87525194E-11
5.00000000E+0	1.01039412E-10
5.50000000E+0	8.29747932E-11
6.00000000E+0	7.95356985E-11
6.50000000E+0	8.26540188E-11
7.00000000E+0	9.04524239E-11
7.50000000E+0	1.29705980E-10
8.00000000E+0	3.24626381E-10
8.50000000E+0	3.96723379E-10
9.00000000E+0	3.04171796E-10
9.50000000E+0	2.77282897E-10
1.00000000E+1	2.34995603E-10
1.05000000E+1	1.52832916E-10
1.10000000E+1	1.21718735E-10
1.15000000E+1	2.90002029E-10
1.20000000E+1	2.96436010E-10
1.25000000E+1	1.52756590E-10
1.30000000E+1	6.08483399E-11
1.35000000E+1	9.63978420E-11
1.40000000E+1	1.80536408E-10
1.45000000E+1	2.52324658E-10
1.50000000E+1	2.84598448E-10
1.55000000E+1	3.59388526E-10
1.60000000E+1	3.33704380E-10
1.65000000E+1	2.69431943E-10
1.70000000E+1	1.16368413E-10
1.75000000E+1	6.13428211E-11
1.80000000E+1	1.48623553E-10
1.85000000E+1	1.50006008E-10
1.90000000E+1	1.12512866E-10
1.95000000E+1	6.20793042E-11
2.00000000E+1	7.94373914E-11
2.05000000E+1	3.01593599E-10
2.10000000E+1	2.49100431E-10
2.15000000E+1	1.28720585E-10
2.20000000E+1	1.57694471E-10
2.25000000E+1	1.75868891E-10
2.30000000E+1	1.82211787E-10
2.35000000E+1	6.28803648E-11
2.40000000E+1	4.10894038E-11
2.45000000E+1	2.06917030E-10
2.50000000E+1	2.03603639E-10
2.55000000E+1	1.62417436E-10
2.60000000E+1	4.71331248E-11
2.65000000E+1	9.32669566E-11
2.70000000E+1	1.98711768E-10
2.75000000E+1	2.17386639E-10
2.80000000E+1	2.19594789E-10
2.85000000E+1	3.03980246E-10
2.90000000E+1	6.64053643E-10
2.95000000E+1	1.86695646E-9
3.00000000E+1	1.08809421E-9
3.05000000E+1	9.35578205E-11
3.10000000E+1	2.03158499E-10
3.15000000E+1	2.20252524E-10
3.20000000E+1	1.65144462E-10
3.25000000E+1	5.49037204E-11
3.30000000E+1	3.44019605E-11
3.35000000E+1	1.68200603E-10
3.40000000E+1	2.58056430E-10
3.45000000E+1	4.33060341E-11
3.50000000E+1	2.82025460E-11
3.55000000E+1	1.52145788E-10
3.60000000E+1	1.82007757E-10
3.65000000E+1	1.77317864E-10
3.70000000E+1	2.12296339E-11
3.75000000E+1	2.46082064E-10
3.80000000E+1	7.06565243E-10
3.85000000E+1	2.03841667E-10
3.90000000E+1	7.93888364E-11
3.95000000E+1	6.68939605E-11
4.00000000E+1	2.15276537E-10
4.05000000E+1	3.26527308E-10
4.10000000E+1	1.04982574E-10
4.15000000E+1	1.91867388E-11
4.20000000E+1	1.51551400E-10
4.25000000E+1	2.37848946E-10
4.30000000E+1	1.99734606E-10
4.35000000E+1	7.99014506E-11
4.40000000E+1	1.33642707E-10
4.45000000E+1	2.43241524E-10
4.50000000E+1	3.89518292E-10
4.55000000E+1	1.17200468E-10
4.60000000E+1	6.07051807E-11
4.65000000E+1	2.62839421E-10
4.70000000E+1	3.34022088E-10
4.75000000E+1	3.46346450E-10
4.80000000E+1	9.40480261E-11
4.85000000E+1	1.66531475E-10
4.90000000E+1	5.16405308E-10
4.95000000E+1	3.98419446E-10
5.00000000E+1	1.67984970E-10
5.05000000E+1	6.55914410E-11
5.10000000E+1	2.99154268E-10
5.15000000E+1	6.39276933E-10
5.20000000E+1	5.67012822E-10
5.25000000E+1	3.58051095E-10
5.30000000E+1	3.64043819E-10
5.35000000E+1	5.69582394E-10
5.40000000E+1	7.62155336E-10
5.45000000E+1	2.25704411E-10
5.50000000E+1	2.42140075E-10
5.55000000E+1	4.74251562E-10
5.60000000E+1	6.89943843E-10
5.65000000E+1	5.98939901E-10
5.70000000E+1	3.27513581E-10
5.75000000E+1	5.01168768E-10
5.80000000E+1	7.82636435E-10
5.85000000E+1	5.59966427E-10
5.90000000E+1	1.23847329E-8
5.95000000E+1	4.41300001E-8
6.00000000E+1	1.21311500E-8
6.05000000E+1	1.28674648E-9
6.10000000E+1	8.23477304E-10
6.15000000E+1	3.78856128E-10
6.20000000E+1	7.90979762E-10
6.25000000E+1	1.05998900E-9
6.30000000E+1	1.13106316E-9
6.35000000E+1	7.55993786E-10
6.40000000E+1	6.49230013E-10
6.45000000E+1	1.36278598E-9
6.50000000E+1	1.18804882E-9
6.55000000E+1	1.30797337E-9
6.60000000E+1	6.40126357E-10
6.65000000E+1	5.03641838E-10
6.70000000E+1	1.25366555E-9
6.75000000E+1	1.32539215E-9
6.80000000E+1	1.24514328E-9
6.85000000E+1	7.93100802E-10
6.90000000E+1	9.34815722E-10
6.95000000E+1	1.80944542E-9
7.00000000E+1	1.51314200E-9
7.05000000E+1	8.75784968E-10
7.10000000E+1	7.92362842E-10
7.15000000E+1	1.30024001E-9
7.20000000E+1	1.48301061E-9
7.25000000E+1	1.08247232E-9
7.30000000E+1	8.09509569E-10
7.35000000E+1	1.06665543E-9
7.40000000E+1	1.88610349E-9
7.45000000E+1	1.60861143E-9
7.50000000E+1	8.49526469E-10
7.55000000E+1	8.34355104E-10
7.60000000E+1	1.05429929E-9
7.65000000E+1	1.71160776E-9
7.70000000E+1	8.06503201E-10
7.75000000E+1	6.18570799E-10
7.80000000E+1	1.13446146E-9
7.85000000E+1	1.40027755E-9
7.90000000E+1	1.64450111E-9
7.95000000E+1	6.35009221E-10
8.00000000E+1	6.96316885E-10
8.05000000E+1	1.48472477E-9
8.10000000E+1	1.60806151E-9
8.15000000E+1	1.51194575E-9
8.20000000E+1	8.60625657E-10
8.25000000E+1	1.35891413E-9
8.30000000E+1	1.74036989E-9
8.35000000E+1	1.20416657E-9
8.40000000E+1	8.48461317E-10
8.45000000E+1	6.30853055E-10
8.50000000E+1	1.60870943E-9
8.55000000E+1	1.39323941E-9
8.60000000E+1	9.89721501E-10
8.65000000E+1	8.58644868E-10
8.70000000E+1	7.54552705E-10
8.75000000E+1	1.65802847E-9
8.80000000E+1	1.15306251E-9
8.85000000E+1	8.45650411E-10
8.90000000E+1	1.12674368E-9
8.95000000E+1	1.08318674E-9
9.00000000E+1	1.56152112E-9
9.05000000E+1	8.93334231E-10
9.10000000E+1	9.38992068E-10
9.15000000E+1	1.31910118E-9
9.20000000E+1	1.30717990E-9
9.25000000E+1	1.80558720E-9
9.30000000E+1	8.29588907E-10
9.35000000E+1	8.19061753E-10
9.40000000E+1	1.09662546E-9
9.45000000E+1	1.10207260E-9
9.50000000E+1	1.19548123E-9
9.55000000E+1	6.31162644E-10
9.60000000E+1	1.65898073E-9
9.65000000E+1	1.49369512E-9
9.70000000E+1	1.40867632E-9
9.75000000E+1	1.28859680E-9
9.80000000E+1	5.78743932E-10
9.85000000E+1	1.84361918E-9
9.90000000E+1	1.60599377E-9
9.95000000E+1	1.72152993E-9
1.00000000E+2	2.00517279E-9
1.00500000E+2	1.40560643E-9
1.01000000E+2	2.91741548E-9
1.01500000E+2	1.39948319E-9
1.02000000E+2	1.55231555E-9
1.02500000E+2	2.24374194E-9
1.03000000E+2	2.30164463E-9
1.03500000E+2	3.73719001E-9
1.04000000E+2	1.47569905E-9
1.04500000E+2	1.88465343E-9
1.05000000E+2	2.64999706E-9
1.05500000E+2	2.81302484E-9
1.06000000E+2	3.48927912E-9
1.06500000E+2	1.43432972E-9
1.07000000E+2	2.82419090E-9
1.07500000E+2	3.78154074E-9
1.08000000E+2	3.65310989E-9
1.08500000E+2	4.12968750E-9
1.09000000E+2	1.90023331E-9
1.09500000E+2	4.55086811E-9
1.10000000E+2	4.37952640E-9
1.10500000E+2	3.72167024E-9
1.11000000E+2	3.98820998E-9
1.11500000E+2	2.76521248E-9
1.12000000E+2	6.60566767E-9
1.12500000E+2	5.05247452E-9
1.13000000E+2	4.86124664E-9
1.13500000E+2	4.59470801E-9
1.14000000E+2	4.02163448E-9
1.14500000E+2	9.45692270E-9
1.15000000E+2	4.62101633E-9
1.15500000E+2	6.01449737E-9
1.16000000E+2	7.13220399E-9
1.16500000E+2	7.26405559E-9
1.17000000E+2	1.14865352E-8
1.17500000E+2	5.07926422E-9
1.18000000E+2	7.28820860E-9
1.18500000E+2	9.82650884E-9
1.19000000E+2	2.07293933E-8
1.19500000E+2	2.90618232E-8
1.20000000E+2	1.93008146E-8
1.20500000E+2	1.59408391E-8
1.21000000E+2	1.09877526E-8
1.21500000E+2	1.34460537E-8
1.22000000E+2	1.63651899E-8
1.22500000E+2	8.94303075E-9
1.23000000E+2	1.97883501E-8
1.23500000E+2	1.51444199E-8
1.24000000E+2	1.86303140E-8
1.24500000E+2	2.02655598E-8
1.25000000E+2	1.36334857E-8
1.25500000E+2	2.70127494E-8
1.26000000E+2	1.72510618E-8
1.26500000E+2	2.10339708E-8
1.27000000E+2	2.02388814E-8
1.27500000E+2	1.79158881E-8
1.28000000E+2	3.05127835E-8
1.28500000E+2	1.75641191E-8
1.29000000E+2	2.79871610E-8
1.29500000E+2	2.52757024E-8
1.30000000E+2	2.67684133E-8
1.30500000E+2	3.64643429E-8
1.31000000E+2	2.08781183E-8
1.31500000E+2	3.97507378E-8
1.32000000E+2	3.59616959E-8
1.32500000E+2	3.88323436E-8
1.33000000E+2	4.23482907E-8
1.33500000E+2	2.84512641E-8
1.34000000E+2	6.01009445E-8
1.34500000E+2	3.95826327E-8
1.35000000E+2	6.15792989E-8
1.35500000E+2	7.84174401E-8
1.36000000E+2	5.31249233E-8
1.36500000E+2	1.01544442E-7
1.37000000E+2	5.88882163E-8
1.37500000E+2	9.90035440E-8
1.38000000E+2	9.07911180E-8
1.38500000E+2	6.57101162E-8
1.39000000E+2	1.42634685E-7
1.39500000E+2	8.09347807E-8
1.40000000E+2	1.51811607E-7
1.40500000E+2	1.21907724E-7
1.41000000E+2	1.15375262E-7
1.41500000E+2	1.94629856E-7
1.42000000E+2	9.75980048E-8
1.42500000E+2	1.89783832E-7
1.43000000E+2	1.57352471E-7
1.43500000E+2	1.71724587E-7
1.44000000E+2	2.30957528E-7
1.44500000E+2	1.37328969E-7
1.45000000E+2	2.72502932E-7
1.45500000E+2	1.60796402E-7
1.46000000E+2	2.04926515E-7
1.46500000E+2	2.12953794E-7
1.47000000E+2	1.13708295E-7
1.47500000E+2	1.85723236E-7
1.48000000E+2	1.18220387E-7
1.48500000E+2	1.67052720E-7
1.49000000E+2	1.39422593E-7
1.49500000E+2	1.15488062E-7
1.50000000E+2	1.66644942E-7
1.50500000E+2	7.01098506E-8
1.51000000E+2	1.37418745E-7
1.51500000E+2	8.40967802E-8
1.52000000E+2	7.65306541E-8
1.52500000E+2	1.04269981E-7
1.53000000E+2	5.03939635E-8
1.53500000E+2	9.70508686E-8
1.54000000E+2	5.56576687E-8
1.54500000E+2	6.65872457E-8
1.55000000E+2	9.44692556E-8
1.55500000E+2	5.33728115E-8
1.56000000E+2	9.10693181E-8
1.56500000E+2	3.83872901E-8
1.57000000E+2	6.93944364E-8
1.57500000E+2	9.31110799E-8
1.58000000E+2	4.72320809E-8
1.58500000E+2	8.40788012E-8
1.59000000E+2	4.64470863E-8
1.59500000E+2	8.69907016E-8
1.60000000E+2	6.44626682E-8
1.60500000E+2	3.61841944E-8
1.61000000E+2	8.23896684E-8
1.61500000E+2	4.66120448E-8
1.62000000E+2	6.40894305E-8
1.62500000E+2	4.02308716E-8
1.63000000E+2	4.39644048E-8
1.63500000E+2	7.49469854E-8
1.64000000E+2	4.18804384E-8
1.64500000E+2	6.82127850E-8
1.65000000E+2	3.80606857E-8
1.65500000E+2	4.76954492E-8
1.66000000E+2	5.87589485E-8
1.66500000E+2	2.82005141E-8
1.67000000E+2	4.64866962E-8
1.67500000E+2	2.89209523E-8
1.68000000E+2	3.85525289E-8
1.68500000E+2	3.67284385E-8
1.69000000E+2	2.05143037E-8
1.69500000E+2	3.29952777E-8
1.70000000E+2	1.57636777E-8
1.70500000E+2	2.46673250E-8
1.71000000E+2	2.04856920E-8
1.71500000E+2	1.73878244E-8
1.72000000E+2	3.34228889E-8
1.72500000E+2	1.87229836E-8
1.73000000E+2	3.06929371E-8
1.73500000E+2	2.06473311E-8
1.74000000E+2	2.00150836E-8
1.74500000E+2	3.18743319E-8
1.75000000E+2	1.71473061E-8
1.75500000E+2	2.33735319E-8
1.76000000E+2	2.30561350E-8
1.76500000E+2	1.50271013E-8
1.77000000E+2	1.81656463E-8
1.77500000E+2	1.42741239E-8
1.78000000E+2	2.35745506E-8
1.78500000E+2	1.62544981E-8
1.79000000E+2	1.33326825E-8
1.79500000E+2	1.24684695E-8
1.80000000E+2	1.15499060E-8
1.80500000E+2	1.46565647E-8
1.81000000E+2	7.62781851E-9
1.81500000E+2	1.02700480E-8
1.82000000E+2	2.50465636E-8
1.82500000E+2	3.50773539E-8
1.83000000E+2	2.42469800E-8
1.83500000E+2	1.32496767E-8
1.84000000E+2	1.28930466E-8
1.84500000E+2	1.48396982E-8
1.85000000E+2	1.20690588E-8
1.85500000E+2	2.66214194E-8
1.86000000E+2	3.25955487E-8
1.86500000E+2	1.67295288E-8
1.87000000E+2	4.77591084E-9
1.87500000E+2	9.61078146E-9
1.88000000E+2	1.48863108E-8
1.88500000E+2	7.09355439E-9
1.89000000E+2	1.71983411E-9
1.89500000E+2	4.97246035E-9
1.90000000E+2	7.14155197E-9
1.90500000E+2	5.01238178E-9
1.91000000E+2	4.87697883E-9
1.91500000E+2	5.86252674E-9
1.92000000E+2	4.64325582E-9
1.92500000E+2	1.84678257E-9
1.93000000E+2	4.01162831E-9
1.93500000E+2	1.02326062E-8
1.94000000E+2	8.85204206E-9
1.94500000E+2	6.77589788E-9
1.95000000E+2	8.13353871E-9
1.95500000E+2	7.28276317E-9
1.96000000E+2	4.89529242E-9
1.96500000E+2	9.32333603E-9
1.97000000E+2	1.60463245E-8
1.97500000E+2	1.03848759E-8
1.98000000E+2	4.02874001E-9
1.98500000E+2	1.25094340E-8
1.99000000E+2	2.08932566E-8
1.99500000E+2	1.97155598E-8
2.00000000E+2	2.71938121E-8
2.00500000E+2	3.35376197E-8
2.01000000E+2	1.50168346E-8
2.01500000E+2	1.11940286E-8
2.02000000E+2	2.78481330E-8
2.02500000E+2	3.73822149E-8
2.03000000E+2	2.35966398E-8
2.03500000E+2	1.82331444E-8
2.04000000E+2	2.27741829E-8
2.04500000E+2	1.82423194E-8
2.05000000E+2	1.69280610E-8
2.05500000E+2	2.57290638E-8
2.06000000E+2	2.54396362E-8
2.06500000E+2	9.72545056E-9
2.07000000E+2	1.20148280E-8
2.07500000E+2	4.02828561E-8
2.08000000E+2	5.37897164E-8
2.08500000E+2	2.67601829E-8
2.09000000E+2	1.51121786E-9
2.09500000E+2	2.05672817E-8
2.10000000E+2	4.16734742E-8
2.10500000E+2	3.02802194E-8
2.11000000E+2	1.72425918E-8
2.11500000E+2	1.94156936E-8
2.12000000E+2	1.78817316E-8
2.12500000E+2	1.19591549E-8
2.13000000E+2	3.03871089E-8
2.13500000E+2	3.76536134E-8
2.14000000E+2	2.83023713E-8
2.14500000E+2	3.19275835E-8
2.15000000E+2	6.59331060E-8
2.15500000E+2	8.38902118E-8
2.16000000E+2	6.58110805E-8
2.16500000E+2	4.00626030E-8
2.17000000E+2	2.10662465E-8
2.17500000E+2	2.75033877E-8
2.18000000E+2	4.59851841E-8
2.18500000E+2	5.12572928E-8
2.19000000E+2	4.80947071E-8
2.19500000E+2	4.84981448E-8
2.20000000E+2	3.07758639E-8
2.20500000E+2	2.25161856E-8
2.21000000E+2	4.98019654E-8
2.21500000E+2	7.58314247E-8
2.22000000E+2	5.25084287E-8
2.22500000E+2	1.99318674E-8
2.23000000E+2	4.38007992E-8
2.23500000E+2	6.81015510E-8
2.24000000E+2	3.24030363E-8
2.24500000E+2	2.23775772E-8
2.25000000E+2	6.50420271E-8
2.25500000E+2	7.30533855E-8
2.26000000E+2	4.06280081E-8
2.26500000E+2	4.98065253E-8
2.27000000E+2	6.96133594E-8
2.27500000E+2	4.00677495E-8
2.28000000E+2	4.02216208E-8
2.28500000E+2	7.06301560E-8
2.29000000E+2	6.62972017E-8
2.29500000E+2	3.51975031E-8
2.30000000E+2	2.45734634E-8
2.30500000E+2	4.51873742E-8
2.31000000E+2	3.71023388E-8
2.31500000E+2	2.52647655E-8
2.32000000E+2	2.39741041E-8
2.32500000E+2	1.62353083E-8
2.33000000E+2	1.09760756E-8
2.33500000E+2	1.65862487E-8
2.34000000E+2	2.84534304E-8
2.34500000E+2	2.69956451E-8
2.35000000E+2	1.13009168E-8
2.35500000E+2	1.55126228E-8
2.36000000E+2	1.84165185E-8
2.36500000E+2	1.59427634E-8
2.37000000E+2	9.86930633E-9
2.37500000E+2	1.51995766E-8
2.38000000E+2	1.91927574E-8
2.38500000E+2	1.50916796E-8
2.39000000E+2	2.28348425E-8
2.39500000E+2	1.99771944E-8
2.40000000E+2	2.01006257E-8
2.40500000E+2	2.11127960E-8
2.41000000E+2	1.85988629E-8
2.41500000E+2	2.26876064E-8
2.42000000E+2	1.48452830E-8
2.42500000E+2	2.32129314E-8
2.43000000E+2	2.36083718E-8
2.43500000E+2	2.20583036E-8
2.44000000E+2	2.70546890E-8
2.44500000E+2	2.47615565E-8
2.45000000E+2	3.88816141E-8
2.45500000E+2	2.99237112E-8
2.46000000E+2	2.57101397E-8
2.46500000E+2	2.56522176E-8
2.47000000E+2	1.88498486E-8
2.47500000E+2	3.49255853E-8
2.48000000E+2	3.17880495E-8
2.48500000E+2	3.60305321E-8
2.49000000E+2	3.58814775E-8
2.49500000E+2	3.17466570E-8
2.50000000E+2	4.58002665E-8
2.50500000E+2	3.70454220E-8
2.51000000E+2	4.82159260E-8
2.51500000E+2	4.31277084E-8
2.52000000E+2	3.36437245E-8
2.52500000E+2	4.61289754E-8
2.53000000E+2	4.09786621E-8
2.53500000E+2	5.26657451E-8
2.54000000E+2	1.23076295E-7
2.54500000E+2	1.97525468E-7
2.55000000E+2	7.14050849E-8
2.55500000E+2	3.06652732E-8
2.56000000E+2	3.83128835E-8
2.56500000E+2	3.51206851E-8
2.57000000E+2	3.95904360E-8
2.57500000E+2	3.95263109E-8
2.58000000E+2	3.18733552E-8
2.58500000E+2	5.21695859E-8
2.59000000E+2	2.28695349E-8
2.59500000E+2	2.54921072E-8
2.60000000E+2	2.70126454E-8
2.60500000E+2	3.05497198E-8
2.61000000E+2	4.13295297E-8
2.61500000E+2	3.11817271E-8
2.62000000E+2	4.56704926E-8
2.62500000E+2	3.07592003E-8
2.63000000E+2	3.50813707E-8
2.63500000E+2	3.71356783E-8
2.64000000E+2	3.22009820E-8
2.64500000E+2	5.60473262E-8
2.65000000E+2	4.58270259E-8
2.65500000E+2	3.62960221E-7
2.66000000E+2	4.55027504E-6
2.66500000E+2	3.17983194E-6
2.67000000E+2	1.41754334E-7
2.67500000E+2	4.11208825E-8
2.68000000E+2	4.84320505E-8
2.68500000E+2	4.69089996E-8
2.69000000E+2	4.64983974E-8
2.69500000E+2	7.11464466E-8
2.70000000E+2	4.72670126E-8
2.70500000E+2	7.09031640E-8
2.71000000E+2	6.60737592E-8
2.71500000E+2	5.88694435E-8
2.72000000E+2	6.86302393E-8
2.72500000E+2	4.16362294E-8
2.73000000E+2	8.03297941E-8
2.73500000E+2	7.03871451E-8
2.74000000E+2	6.33782355E-8
2.74500000E+2	6.81696427E-8
2.75000000E+2	4.90090928E-8
2.75500000E+2	7.88985037E-8
2.76000000E+2	4.47832562E-8
2.76500000E+2	4.78530090E-8
2.77000000E+2	6.01869735E-8
2.77500000E+2	4.04041490E-8
2.78000000E+2	7.16690193E-8
2.78500000E+2	4.58754319E-8
2.79000000E+2	5.11074976E-8
2.79500000E+2	5.06639885E-8
2.80000000E+2	4.32386215E-8
2.80500000E+2	6.56279204E-8
2.81000000E+2	3.34174026E-8
2.81500000E+2	5.37606194E-8
2.82000000E+2	4.41620087E-8
2.82500000E+2	4.23336310E-8
2.83000000E+2	6.19865283E-8
2.83500000E+2	3.47021972E-8
2.84000000E+2	5.96429759E-8
2.84500000E+2	3.74571121E-8
2.85000000E+2	4.21595993E-8
2.85500000E+2	5.42260054E-8
2.86000000E+2	4.16776924E-8
2.86500000E+2	6.61812637E-8
2.87000000E+2	6.58516914E-8
2.87500000E+2	8.32906773E-8
2.88000000E+2	7.87158472E-8
2.88500000E+2	5.55332452E-8
2.89000000E+2	5.51669312E-8
2.89500000E+2	2.71495586E-8
2.90000000E+2	5.17212688E-8
2.90500000E+2	4.49440359E-8
2.91000000E+2	2.96901973E-8
2.91500000E+2	4.51802878E-8
2.92000000E+2	2.57787832E-8
2.92500000E+2	4.77301957E-8
2.93000000E+2	3.63351931E-8
2.93500000E+2	3.62053331E-8
2.94000000E+2	4.95542018E-8
2.94500000E+2	2.64465190E-8
2.95000000E+2	5.24629046E-8
2.95500000E+2	3.48120089E-8
2.96000000E+2	3.89803418E-8
2.96500000E+2	5.34692973E-8
2.97000000E+2	3.34639420E-8
2.97500000E+2	5.67835890E-8
2.98000000E+2	3.11438596E-8
2.98500000E+2	5.32362838E-8
2.99000000E+2	6.74285962E-8
2.99500000E+2	3.89654255E-8
3.00000000E+2	6.66534383E-8
3.00500000E+2	2.87641778E-8
3.01000000E+2	4.89149170E-8
3.01500000E+2	6.74557790E-8
3.02000000E+2	8.22947480E-8
3.02500000E+2	7.74310744E-8
3.03000000E+2	1.38934638E-8
3.03500000E+2	4.86308825E-8
3.04000000E+2	7.98551617E-8
3.04500000E+2	7.35350543E-8
3.05000000E+2	5.70504790E-8
3.05500000E+2	2.62505557E-8
3.06000000E+2	8.99359686E-8
3.06500000E+2	1.15700295E-7
3.07000000E+2	8.34059273E-8
3.07500000E+2	3.48996471E-8
3.08000000E+2	5.27417605E-8
3.08500000E+2	1.14613625E-7
3.09000000E+2	6.93407476E-8
3.09500000E+2	4.93752684E-8
3.10000000E+2	5.50138840E-8
3.10500000E+2	4.38182616E-8
3.11000000E+2	4.07306108E-8
3.11500000E+2	3.45448128E-8
3.12000000E+2	8.06268604E-8
3.12500000E+2	8.45473132E-8
3.13000000E+2	7.22634300E-8
3.13500000E+2	5.93931033E-8
3.14000000E+2	1.75719242E-8
3.14500000E+2	4.69593179E-8
3.15000000E+2	5.96586583E-8
3.15500000E+2	4.16412409E-8
3.16000000E+2	3.21946539E-8
3.16500000E+2	1.57429532E-8
3.17000000E+2	3.72342489E-8
3.17500000E+2	5.05415493E-8
3.18000000E+2	5.14895547E-8
3.18500000E+2	3.53084673E-8
3.19000000E+2	1.41408906E-8
3.19500000E+2	2.55030495E-8
3.20000000E+2	2.72937028E-8
3.20500000E+2	4.66377335E-8
3.21000000E+2	6.39800218E-8
3.21500000E+2	4.23119275E-8
3.22000000E+2	1.67000500E-8
3.22500000E+2	2.69676183E-8
3.23000000E+2	7.47607272E-8
3.23500000E+2	8.09557744E-8
3.24000000E+2	5.07759737E-8
3.24500000E+2	2.55289187E-8
3.25000000E+2	1.50830190E-8
3.25500000E+2	3.30407329E-8
3.26000000E+2	3.60594168E-8
3.26500000E+2	2.53023738E-8
3.27000000E+2	1.91261276E-8
3.27500000E+2	1.01093595E-8
3.28000000E+2	2.56146010E-8
3.28500000E+2	2.43936794E-8
3.29000000E+2	2.16594177E-8
3.29500000E+2	2.11440081E-8
3.30000000E+2	1.70967945E-8
3.30500000E+2	3.29790857E-8
3.31000000E+2	3.90507458E-8
3.31500000E+2	5.91284135E-8
3.32000000E+2	4.94000049E-8
3.32500000E+2	2.76828868E-8
3.33000000E+2	2.91587749E-8
3.33500000E+2	3.13373070E-8
3.34000000E+2	6.17333784E-8
3.34500000E+2	6.02702202E-8
3.35000000E+2	5.69177544E-8
3.35500000E+2	5.80051158E-8
3.36000000E+2	3.77891712E-8
3.36500000E+2	5.51744767E-8
3.37000000E+2	3.08900106E-8
3.37500000E+2	2.75274156E-8
3.38000000E+2	4.19343895E-8
3.38500000E+2	3.85464483E-8
3.39000000E+2	6.11678982E-8
3.39500000E+2	3.18694232E-8
3.40000000E+2	2.06201114E-8
3.40500000E+2	3.57278293E-8
3.41000000E+2	3.81379624E-8
3.41500000E+2	4.68905292E-8
3.42000000E+2	1.55439012E-8
3.42500000E+2	2.11230373E-8
3.43000000E+2	2.47966931E-8
3.43500000E+2	2.23503074E-8
3.44000000E+2	3.08915583E-8
3.44500000E+2	1.47737190E-8
3.45000000E+2	2.15050162E-8
3.45500000E+2	1.85348470E-8
3.46000000E+2	2.33304576E-8
3.46500000E+2	2.78202825E-8
3.47000000E+2	1.05438411E-8
3.47500000E+2	2.46339453E-8
3.48000000E+2	2.07755353E-8
3.48500000E+2	1.71634173E-8
3.49000000E+2	1.90139000E-8
3.49500000E+2	1.20592862E-8
3.50000000E+2	3.01140038E-8
3.50500000E+2	2.17754942E-8
3.51000000E+2	2.12298969E-8
3.51500000E+2	1.53809184E-8
3.52000000E+2	1.72758484E-8
3.52500000E+2	2.36748413E-8
3.53000000E+2	1.13130087E-8
3.53500000E+2	2.22943652E-8
3.54000000E+2	2.58168070E-8
3.54500000E+2	1.81903357E-8
3.55000000E+2	2.36413251E-8
3.55500000E+2	1.81715518E-8
3.56000000E+2	3.16534123E-8
3.56500000E+2	2.78662327E-8
3.57000000E+2	2.35190348E-8
3.57500000E+2	2.63032333E-8
3.58000000E+2	2.09024557E-8
3.58500000E+2	4.63792476E-8
3.59000000E+2	4.79173383E-8
3.59500000E+2	3.97348727E-8
3.60000000E+2	3.64296399E-8
3.60500000E+2	2.58138753E-8
3.61000000E+2	4.04570883E-8
3.61500000E+2	2.72594576E-8
3.62000000E+2	2.74134606E-8
3.62500000E+2	2.65615718E-8
3.63000000E+2	3.35401038E-8
3.63500000E+2	5.97458663E-8
3.64000000E+2	3.87965422E-8
3.64500000E+2	2.90553049E-8
3.65000000E+2	3.04353373E-8
3.65500000E+2	3.05822670E-8
3.66000000E+2	2.78419594E-8
3.66500000E+2	1.36072373E-8
3.67000000E+2	2.77763283E-8
3.67500000E+2	3.09324406E-8
3.68000000E+2	2.55522743E-8
3.68500000E+2	3.06171634E-8
3.69000000E+2	3.25527088E-8
3.69500000E+2	3.91585686E-8
3.70000000E+2	2.23915698E-8
3.70500000E+2	1.89412599E-8
3.71000000E+2	2.14568551E-8
3.71500000E+2	2.52995102E-8
3.72000000E+2	3.39033886E-8
3.72500000E+2	1.36446678E-8
3.73000000E+2	1.70359407E-8
3.73500000E+2	2.17993073E-8
3.74000000E+2	1.37807744E-8
3.74500000E+2	1.83830867E-8
3.75000000E+2	1.48713486E-8
3.75500000E+2	2.68789337E-8
3.76000000E+2	1.95611198E-8
3.76500000E+2	1.78977288E-8
3.77000000E+2	2.40303191E-8
3.77500000E+2	9.40508495E-9
3.78000000E+2	1.82897703E-8
3.78500000E+2	2.51405361E-8
3.79000000E+2	3.28457992E-8
3.79500000E+2	2.57860068E-8
3.80000000E+2	1.48845893E-8
3.80500000E+2	3.79935130E-8
3.81000000E+2	3.74841273E-8
3.81500000E+2	2.75018847E-8
3.82000000E+2	2.40584036E-8
3.82500000E+2	2.00894402E-8
3.83000000E+2	2.64071301E-8
3.83500000E+2	1.67144763E-8
3.84000000E+2	3.11119807E-8
3.84500000E+2	3.29157305E-8
3.85000000E+2	1.95419066E-8
3.85500000E+2	3.30136745E-8
3.86000000E+2	4.00698528E-8
3.86500000E+2	3.92467383E-8
3.87000000E+2	2.25605211E-8
3.87500000E+2	2.76406486E-8
3.88000000E+2	5.10324490E-8
3.88500000E+2	4.37728317E-8
3.89000000E+2	4.26615195E-8
3.89500000E+2	3.45195396E-8
3.90000000E+2	5.12118745E-8
3.90500000E+2	6.20491006E-8
3.91000000E+2	5.02433642E-8
3.91500000E+2	4.98841294E-8
3.92000000E+2	2.62171572E-8
3.92500000E+2	3.39001238E-8
3.93000000E+2	6.19909956E-8
3.93500000E+2	7.52288282E-8
3.94000000E+2	7.09340879E-8
3.94500000E+2	3.61494230E-8
3.95000000E+2	3.09068532E-8
3.95500000E+2	4.42381992E-8
3.96000000E+2	7.47807070E-8
3.96500000E+2	9.24180846E-8
3.97000000E+2	5.57937256E-8
3.97500000E+2	4.49014560E-8
3.98000000E+2	6.06201075E-8
3.98500000E+2	8.92749252E-8
3.99000000E+2	8.83003267E-8
3.99500000E+2	4.85272128E-8
4.00000000E+2	6.14459766E-8
4.00500000E+2	5.87860072E-8
4.01000000E+2	5.79622524E-8
4.01500000E+2	3.96746852E-8
4.02000000E+2	4.77378328E-8
4.02500000E+2	9.82456052E-8
4.03000000E+2	6.99847315E-8
4.03500000E+2	5.76956140E-8
4.04000000E+2	3.64389204E-8
4.04500000E+2	1.90188299E-8
4.05000000E+2	3.85338963E-8
4.05500000E+2	5.43158457E-8
4.06000000E+2	9.53161677E-8
4.06500000E+2	6.03211942E-8
4.07000000E+2	2.96943784E-8
4.07500000E+2	5.10017817E-8
4.08000000E+2	5.33700704E-8
4.08500000E+2	9.41676494E-8
4.09000000E+2	9.23019942E-8
4.09500000E+2	6.71591207E-8
4.10000000E+2	3.82466763E-8
4.10500000E+2	4.76064323E-8
4.11000000E+2	1.34351449E-7
4.11500000E+2	1.37542677E-7
4.12000000E+2	1.15229146E-7
4.12500000E+2	9.36129595E-8
4.13000000E+2	5.89243320E-8
4.13500000E+2	9.41036496E-8
4.14000000E+2	1.42700584E-7
4.14500000E+2	1.92758554E-7
4.15000000E+2	1.34173868E-7
4.15500000E+2	7.32218262E-8
4.16000000E+2	1.08060745E-7
4.16500000E+2	1.39114599E-7
4.17000000E+2	1.22461819E-7
4.17500000E+2	8.28582202E-8
4.18000000E+2	1.32231749E-7
4.18500000E+2	1.55285022E-7
4.19000000E+2	7.30852403E-8
4.19500000E+2	5.24709249E-8
4.20000000E+2	9.30591001E-8
4.20500000E+2	1.49756515E-7
4.21000000E+2	1.38941021E-7
4.21500000E+2	1.00019970E-7
4.22000000E+2	8.54635993E-8
4.22500000E+2	2.76991879E-8
4.23000000E+2	6.73283398E-8
4.23500000E+2	1.32334833E-7
4.24000000E+2	1.18642535E-7
4.24500000E+2	6.86773902E-8
4.25000000E+2	2.10092460E-8
4.25500000E+2	6.57215595E-8
4.26000000E+2	7.83580539E-8
4.26500000E+2	8.49444260E-8
4.27000000E+2	9.41068793E-8
4.27500000E+2	3.42703011E-8
4.28000000E+2	4.49221057E-8
4.28500000E+2	9.10295591E-8
4.29000000E+2	1.33209810E-7
4.29500000E+2	7.98576362E-8
4.30000000E+2	2.63134564E-8
4.30500000E+2	5.51760872E-8
4.31000000E+2	5.68120410E-8
4.31500000E+2	5.07811782E-8
4.32000000E+2	4.01005131E-8
4.32500000E+2	2.89195730E-8
4.33000000E+2	4.93489153E-8
4.33500000E+2	3.02426992E-8
4.34000000E+2	3.24805622E-8
4.34500000E+2	2.05332804E-8
4.35000000E+2	1.00379414E-8
4.35500000E+2	4.18150587E-8
4.36000000E+2	5.05254334E-8
4.36500000E+2	3.99655702E-8
4.37000000E+2	1.87821634E-8
4.37500000E+2	2.04891462E-8
4.38000000E+2	3.80910029E-8
4.38500000E+2	2.52608229E-8
4.39000000E+2	1.97280128E-8
4.39500000E+2	1.94695248E-8
4.40000000E+2	2.05695794E-8
4.40500000E+2	2.51601393E-8
4.41000000E+2	2.61155621E-8
4.41500000E+2	3.78850572E-8
4.42000000E+2	1.79616428E-8
4.42500000E+2	1.11052920E-8
4.43000000E+2	1.42569805E-8
4.43500000E+2	1.35887718E-8
4.44000000E+2	1.50317480E-8
4.44500000E+2	1.10004585E-8
4.45000000E+2	1.27635458E-8
4.45500000E+2	1.38719271E-8
4.46000000E+2	1.77082566E-8
4.46500000E+2	2.33153704E-8
4.47000000E+2	1.48182092E-8
4.47500000E+2	1.14468271E-8
4.48000000E+2	1.06915154E-8
4.48500000E+2	1.69160185E-8
4.49000000E+2	1.80951792E-8
4.49500000E+2	5.99484671E-9
4.50000000E+2	4.59637034E-9
4.50500000E+2	1.14047543E-8
4.51000000E+2	2.03259385E-8
4.51500000E+2	1.84482526E-8
4.52000000E+2	8.53659453E-9
4.52500000E+2	7.80508797E-9
4.53000000E+2	7.13349285E-9
4.53500000E+2	7.88140104E-9
4.54000000E+2	8.11829078E-9
4.54500000E+2	3.87760515E-9
4.55000000E+2	3.68602510E-9
4.55500000E+2	4.95976906E-9
4.56000000E+2	9.60246931E-9
4.56500000E+2	7.11748758E-9
4.57000000E+2	2.98614481E-9
4.57500000E+2	3.70648850E-9
4.58000000E+2	3.27523673E-9
4.58500000E+2	3.34038093E-9
4.59000000E+2	2.69947091E-9
4.59500000E+2	1.16695918E-9
4.60000000E+2	2.44806362E-9
4.60500000E+2	1.59136532E-9
4.61000000E+2	3.93526939E-9
4.61500000E+2	3.62440080E-9
4.62000000E+2	2.21064076E-9
4.62500000E+2	3.33618409E-9
4.63000000E+2	1.41664560E-9
4.63500000E+2	1.03316284E-9
4.64000000E+2	1.04742593E-9
4.64500000E+2	7.71158236E-10
4.65000000E+2	1.11003390E-9
4.65500000E+2	1.37366972E-9
4.66000000E+2	1.65103837E-9
4.66500000E+2	1.51346564E-9
4.67000000E+2	2.91860830E-9
4.67500000E+2	2.97987685E-9
4.68000000E+2	1.12854623E-9
4.68500000E+2	8.65908386E-10
4.69000000E+2	8.04339970E-10
4.69500000E+2	9.20524287E-10
4.70000000E+2	5.38158656E-10
4.70500000E+2	6.41315060E-10
4.71000000E+2	1.54042618E-9
4.71500000E+2	1.18696362E-9
4.72000000E+2	1.15219404E-9
4.72500000E+2	7.89548599E-10
4.73000000E+2	1.63518615E-9
4.73500000E+2	2.95345239E-9
4.74000000E+2	1.82091305E-9
4.74500000E+2	1.33371247E-9
4.75000000E+2	7.13107556E-10
4.75500000E+2	6.70217824E-10
4.76000000E+2	1.41003751E-9
4.76500000E+2	1.29711885E-9
4.77000000E+2	1.09687992E-9
4.77500000E+2	7.11554012E-10
4.78000000E+2	3.19903775E-10
4.78500000E+2	2.98988787E-10
4.79000000E+2	5.50474133E-10
4.79500000E+2	1.01698659E-9
4.80000000E+2	7.41944646E-10
4.80500000E+2	5.82990106E-10
4.81000000E+2	7.98105515E-10
4.81500000E+2	8.00733711E-10
4.82000000E+2	6.10363774E-10
4.82500000E+2	4.41054856E-10
4.83000000E+2	5.45809976E-10
4.83500000E+2	8.32199822E-10
4.84000000E+2	8.22073423E-10
4.84500000E+2	8.86055475E-10
4.85000000E+2	5.05583190E-10
4.85500000E+2	3.57313382E-10
4.86000000E+2	5.00834025E-10
4.86500000E+2	3.95026368E-10
4.87000000E+2	2.73656959E-10
4.87500000E+2	3.36926180E-10
4.88000000E+2	6.06158960E-10
4.88500000E+2	7.34421041E-10
4.89000000E+2	3.46695772E-10
4.89500000E+2	1.32722152E-10
4.90000000E+2	2.38667326E-10
4.90500000E+2	3.05312084E-10
4.91000000E+2	1.72123338E-10
4.91500000E+2	2.07384795E-10
4.92000000E+2	1.51489269E-10
4.92500000E+2	2.13636457E-10
4.93000000E+2	3.98872585E-10
4.93500000E+2	3.30693774E-10
4.94000000E+2	4.34817729E-10
4.94500000E+2	1.84949255E-10
4.95000000E+2	1.67868908E-10
4.95500000E+2	1.21527917E-10
4.96000000E+2	1.13272104E-10
4.96500000E+2	1.59766504E-10
4.97000000E+2	1.15928696E-10
4.97500000E+2	1.96017067E-10
4.98000000E+2	2.30442544E-10
4.98500000E+2	2.67418025E-10
4.99000000E+2	2.63247284E-10
4.99500000E+2	2.13336269E-10
